6
Oradea
Arad
Timisoara
Lugoj
Sibiu
Bucuresti
0 75 118 111 140 148
75 0 71 80 151 140
118 71 0 111 109 90
111 80 111 0 140 146
140 151 109 140 0 99
148 140 90 146 99 0
1